Webots Project File version R2021a
perspectives: 000000ff00000000fd00000003000000000000000000000000fc0100000001fb0000001a0044006f00630075006d0065006e0074006100740069006f006e0000000000ffffffff0000005400ffffff0000000100000255000002c6fc0200000001fb0000001400540065007800740045006400690074006f00720100000016000002c6000000a200ffffff000000030000073800000100fc0100000002fb0000000e0043006f006e0073006f006c006501000000000000073d0000000000000000fb0000001a0043006f006e0073006f006c00650041006c006c0041006c006c0100000000000007380000005400ffffff000004dd000002c600000001000000020000000100000008fc00000000
simulationViewPerspectives: 000000ff0000000100000002000001c80000056a0100000006010000000100
sceneTreePerspectives: 000000ff0000000100000002000000c0000000fc0100000006010000000200
maximizedDockId: -1
centralWidgetVisible: 1
renderingMode: PLAIN
orthographicViewHeight: 1
textFiles: 0 "controllers/robotis_mini_move_head/robotis_mini_move_head.cpp"
consoles: Console:All:All
renderingDevicePerspectives: RobotisMini:camera;1;0.28125;0.0166028;0.00920245
